Time,Mag,Error
48823.501690,-6.106,0.132
48824.509560,-6.173,0.047
48825.529502,-6.002,0.037
48826.516030,-6.063,0.057
48828.470741,-5.893,0.119
48829.488322,-6.021,0.036
48831.487199,-6.084,0.06
48832.485880,-5.946,0.064
48833.604352,-6.017,0.037
48834.471343,-5.999,0.058
48835.550463,-5.913,0.075
48836.459606,-6.009,0.04
48841.466887,-5.935,0.076
48842.498981,-6.253,0.066
48843.462569,-6.038,0.087
48843.479699,-6.033,0.055
48850.488380,-6.055,0.062
48853.612720,-5.986,0.087
48854.581181,-5.968,0.036
48856.634016,-6.051,0.029
48884.483287,-6.019,0.033
48885.446481,-5.977,0.027
48887.515046,-6.082,0.056
48888.570081,-6.026,0.032
48892.607049,-5.987,0.036
48894.575787,-6.109,0.051
48895.600741,-5.997,0.027
48896.602813,-5.995,0.035
48906.421470,-6.011,0.055
48907.433553,-6.039,0.065
48908.292639,-6.048,0.039
48909.422662,-6.127,0.146
48914.599259,-6.016,0.062
48915.444306,-5.832,0.09
48916.526539,-5.925,0.045
48917.366620,-5.96,0.026
48918.568738,-5.95,0.022
48919.368912,-5.994,0.032
48920.301238,-6.006,0.032
48923.527002,-5.962,0.025
48927.276088,-5.921,0.043
48928.309525,-5.942,0.029
48929.256748,-5.905,0.051
48930.256157,-5.915,0.074
48931.270671,-5.833,0.043
48931.443866,-5.978,0.027
48933.407778,-5.981,0.033
48935.413426,-6.133,0.103
48937.468981,-5.975,0.066
48938.294028,-5.914,0.042
48939.310868,-5.884,0.036
48941.371447,-6.068,0.168
48947.418727,-6.02,0.061
48949.307917,-5.947,0.025
48964.457917,-5.995,0.07
48965.298866,-5.952,0.077
48966.296644,-5.886,0.051
48984.297002,-5.871,0.036
48984.461227,-5.886,0.078
48985.317546,-5.945,0.028
48987.306759,-5.839,0.024
48987.501470,-5.91,0.022
48988.295266,-5.921,0.035
48988.490451,-5.918,0.03
48989.315174,-5.917,0.037
48996.263275,-5.926,0.035
48996.501181,-5.851,0.051
48998.264792,-5.898,0.029
48998.479699,-5.896,0.048
49000.279595,-5.893,0.046
49000.462928,-5.913,0.051
49001.267639,-5.901,0.022
49001.459468,-5.877,0.043
49002.264884,-5.943,0.025
49003.361528,-5.941,0.035
49003.454965,-5.883,0.037
49006.274618,-5.904,0.023
49006.458565,-5.848,0.087
49007.283345,-5.88,0.078
49007.443160,-5.936,0.028
49010.440197,-5.909,0.026
49011.358657,-5.857,0.043
49014.461771,-5.893,0.068
49015.268264,-5.926,0.04
49015.393576,-5.93,0.034
49016.301609,-5.821,0.042
49016.421829,-5.855,0.035
49018.291620,-5.868,0.023
49018.424826,-5.908,0.024
49020.376644,-5.89,0.036
49021.297535,-5.922,0.031
49021.412963,-5.901,0.028
49024.263773,-5.745,0.111
49025.335093,-5.991,0.04
49029.268935,-5.878,0.031
49032.260347,-5.896,0.051
49032.388137,-5.97,0.099
49035.388449,-5.967,0.079
49036.471736,-5.912,0.049
49037.393715,-5.906,0.03
49040.336806,-5.924,0.03
49043.262176,-5.919,0.038
49043.363576,-5.906,0.035
49044.277847,-5.915,0.041
49044.432535,-5.986,0.101
49045.248646,-5.916,0.026
49045.352245,-5.895,0.033
49046.418866,-5.799,0.22
49048.243090,-5.939,0.05
49048.346169,-5.832,0.044
49049.269074,-5.986,0.057
49049.401123,-5.921,0.049
49050.406146,-5.989,0.038
49051.238854,-5.98,0.046
49053.348461,-5.895,0.058
49055.477755,-5.712,0.165
49059.276505,-5.893,0.03
49060.223924,-5.881,0.028
49061.226829,-5.865,0.033
49061.407465,-5.817,0.079
49062.224155,-5.888,0.033
49064.323090,-5.918,0.03
49064.446412,-5.866,0.04
49065.301042,-6.202,0.019
49065.434896,-5.893,0.035
49067.214086,-5.858,0.037
49067.365278,-5.874,0.046
49068.280648,-5.888,0.029
49069.251192,-5.904,0.036
49069.375150,-5.946,0.029
49074.243889,-5.917,0.032
49075.250648,-5.883,0.035
49076.286863,-5.917,0.04
49076.401100,-5.907,0.056
49077.246273,-5.847,0.033
49080.316829,-5.734,0.051
49082.322951,-5.818,0.202
49082.374306,-6.077,0.16
49083.271412,-5.783,0.194
49084.303530,-5.85,0.065
49085.273646,-5.887,0.053
49087.398241,-5.808,0.053
49088.298287,-5.885,0.028
49089.295208,-5.931,0.029
49089.300579,-5.898,0.026
49092.346736,-5.915,0.047
49093.236944,-5.885,0.028
49094.240093,-5.86,0.024
49095.239664,-5.903,0.035
49096.240370,-5.851,0.023
49096.347905,-5.857,0.029
49097.242581,-5.881,0.029
49097.370706,-5.839,0.032
49098.240486,-5.846,0.024
49098.342419,-5.875,0.039
49099.230139,-5.908,0.03
49099.336863,-5.886,0.032
49100.228380,-5.809,0.049
49100.336470,-5.91,0.037
49101.242616,-5.869,0.026
49103.239086,-5.898,0.028
49104.395255,-5.889,0.035
49106.319630,-5.866,0.041
49107.256505,-5.788,0.074
49107.296296,-5.888,0.042
49107.391088,-5.85,0.054
49108.241227,-5.887,0.036
49109.300127,-5.918,0.102
49111.302431,-5.852,0.19
49112.247685,-5.88,0.041
49114.231782,-5.79,0.078
49114.258380,-5.811,0.056
49115.379468,-5.851,0.085
49117.244132,-5.897,0.037
49118.216366,-5.907,0.04
49120.222859,-5.862,0.036
49123.224850,-5.848,0.044
49124.222222,-5.9,0.037
49125.217569,-5.857,0.029
49126.218854,-5.878,0.026
49126.245139,-5.816,0.025
49127.226701,-5.881,0.031
49130.261250,-5.86,0.09
49132.345174,-5.836,0.121
49133.290903,-5.88,0.034
49134.224931,-5.949,0.03
49135.206169,-5.891,0.033
49140.212905,-5.714,0.329
49140.634884,-5.955,0.063
49141.635289,-5.816,0.105
49142.619213,-6.057,0.145
49143.216204,-5.842,0.068
49143.620127,-6.0,0.096
49144.210278,-5.908,0.031
49144.637998,-5.829,0.072
49145.206875,-6.064,0.413
49145.623819,-6.193,0.295
49146.205521,-6.003,0.066
49151.621609,-6.031,0.151
49152.205081,-5.872,0.042
49152.617269,-5.895,0.047
49153.213623,-5.858,0.033
49154.211042,-5.885,0.072
49155.240208,-5.791,0.079
49156.215625,-5.91,0.059
49161.204167,-5.836,0.352
49161.621007,-6.007,0.065
49162.252963,-5.872,0.068
49162.594317,-6.039,0.088
49163.208380,-5.842,0.037
49164.208877,-5.895,0.046
49169.650370,-5.887,0.034
49171.607292,-5.712,0.192
49176.213565,-5.783,0.083
49178.600833,-5.909,0.07
49179.561319,-5.952,0.068
49180.210463,-5.863,0.054
49180.529213,-5.913,0.049
49181.510567,-5.967,0.077
49182.615035,-5.938,0.044
49183.518773,-6.082,0.092
49184.493194,-5.977,0.068
49186.515058,-5.897,0.064
49188.497153,-5.913,0.061
49189.505637,-5.884,0.046
49194.519630,-5.92,0.053
49195.469236,-5.886,0.059
49196.503623,-5.831,0.096
49199.535532,-5.839,0.053
49201.466933,-5.639,0.262
49203.487743,-5.903,0.075
49204.486632,-5.856,0.072
49208.475058,-5.933,0.101
49209.455313,-5.919,0.07
49210.472350,-5.865,0.1
49211.503843,-5.906,0.036
49212.617523,-5.897,0.185
49214.607292,-5.905,0.173
49215.507269,-5.875,0.05
49216.432627,-5.941,0.095
49217.441065,-5.847,0.028
49218.431632,-5.833,0.035
49219.448044,-5.89,0.083
49220.546840,-5.85,0.133
49221.428102,-5.85,0.088
49222.413113,-5.807,0.038
49223.415012,-5.799,0.074
49224.402072,-5.787,0.061
49225.621262,-5.812,0.061
49233.394583,-5.731,0.16
49252.346366,-5.817,0.044
49254.444167,-5.866,0.029
49255.362060,-5.936,0.051
49256.376343,-5.841,0.029
49257.386505,-5.795,0.041
49258.548600,-5.803,0.044
49260.351609,-5.852,0.068
49265.325961,-5.879,0.034
49267.427014,-5.891,0.041
49269.425544,-5.91,0.129
49270.388310,-5.854,0.086
49272.420799,-5.827,0.031
49273.303692,-5.852,0.048
49274.342917,-5.892,0.106
49276.580220,-5.855,0.023
49277.460382,-5.857,0.029
49279.590590,-5.788,0.097
49280.509144,-5.853,0.055
49282.357882,-5.853,0.031
49283.286181,-5.835,0.036
49285.499051,-5.99,0.077
49286.298750,-5.904,0.052
49287.375046,-5.854,0.083
49289.379988,-5.813,0.06
49291.270660,-5.848,0.065
49291.548669,-5.763,0.068
49302.375451,-5.861,0.032
49303.228206,-5.812,0.04
49307.304398,-5.834,0.03
49309.268137,-5.771,0.025
49311.317963,-5.791,0.053
49311.526782,-5.731,0.058
49312.329468,-5.773,0.033
49312.521863,-5.834,0.032
49313.293738,-5.812,0.055
49314.267454,-5.765,0.083
49315.282407,-5.774,0.044
49317.283565,-5.797,0.027
49317.524410,-5.792,0.054
49318.416030,-5.794,0.089
49371.527720,-5.764,0.052
49372.270567,-5.762,0.028
49374.414757,-5.868,0.071
49374.428877,-5.746,0.042
49375.279387,-5.754,0.041
49376.302407,-5.754,0.037
49378.255058,-5.762,0.084
49380.371285,-5.782,0.069
49381.342812,-5.729,0.062
49384.490718,-5.817,0.059
49386.279711,-5.761,0.041
49388.392384,-6.0,0.121
49388.401400,-5.722,0.06
49390.274340,-5.802,0.048
49392.538218,-5.885,0.074
49396.391088,-5.842,0.073
49398.247211,-5.769,0.022
49399.250625,-5.742,0.051
49399.557616,-5.769,0.067
49400.266400,-5.795,0.068
49404.446690,-5.819,0.03
49405.385625,-5.734,0.038
49409.370093,-5.804,0.065
49411.524190,-5.99,0.26
49412.117025,-5.815,0.044
49413.246123,-5.756,0.044
49414.261435,-5.829,0.039
49415.243715,-5.74,0.026
49416.236285,-5.777,0.031
49417.242500,-5.729,0.04
49423.248403,-5.869,0.071
49425.381308,-5.821,0.036
49426.240012,-5.755,0.03
49428.232998,-5.815,0.041
49429.342326,-5.797,0.026
49432.265903,-5.761,0.063
49433.454618,-5.637,0.283
49434.310880,-5.459,0.339
49434.340278,-5.786,0.044
49435.447905,-5.766,0.1
49436.293333,-5.733,0.063
49438.335625,-5.676,0.095
49444.406875,-5.694,0.119
49445.455266,-5.724,0.044
49446.353553,-5.819,0.034
49447.422801,-5.788,0.038
49448.305313,-5.835,0.09
49449.353218,-5.831,0.063
49449.357650,-5.732,0.056
49450.320822,-5.789,0.034
49451.327060,-5.774,0.041
49452.366655,-5.825,0.06
49455.313519,-5.741,0.067
49456.447384,-5.788,0.064
49457.304109,-5.757,0.036
49458.267847,-5.75,0.024
49460.294931,-5.739,0.046
49461.314340,-5.806,0.032
49462.288542,-5.789,0.048
49463.347315,-5.775,0.044
49464.292072,-5.85,0.1
49465.302396,-5.773,0.043
49466.295683,-5.729,0.037
49467.342558,-5.81,0.175
49469.398507,-5.904,0.105
49471.363947,-5.801,0.084
49472.351562,-5.762,0.056
49473.371424,-5.751,0.042
49477.289433,-5.711,0.035
49478.294363,-5.681,0.025
49479.236574,-5.776,0.028
49479.269005,-5.743,0.036
49481.339618,-5.74,0.036
49483.312951,-5.708,0.038
49484.212581,-5.722,0.027
49485.279016,-5.712,0.041
49486.275255,-5.597,0.233
49487.304340,-5.744,0.036
49488.290116,-5.75,0.055
49489.258171,-5.598,0.113
49491.651528,-5.662,0.076
49492.297836,-5.862,0.097
49493.312141,-4.523,1.334
49493.341007,-5.022,1.305
49493.646100,-5.626,0.281
49494.658160,-5.825,0.05
49496.259815,-5.899,0.112
49496.659387,-5.706,0.128
49498.282292,-5.536,0.22
49500.246956,-5.281,0.533
49505.299792,-5.743,0.05
49509.255822,-5.724,0.038
49511.271424,-5.767,0.078
49511.622083,-5.703,0.138
49512.246528,-5.829,0.061
49512.613437,-5.817,0.104
49513.241817,-5.7,0.064
49513.655637,-5.721,0.04
49514.238727,-5.719,0.052
49516.244572,-5.833,0.081
49517.576667,-5.733,0.103
49518.248657,-4.372,2.552
49518.610752,-5.708,0.119
49519.266840,-5.767,0.09
49520.595417,-5.658,0.146
49522.628345,-5.792,0.051
49525.632350,-5.769,0.08
49526.217338,-5.611,0.127
49530.248113,-5.649,0.08
49530.663796,-5.715,0.075
49531.584491,-5.833,0.052
49532.221215,-5.78,0.055
49532.657616,-5.726,0.031
49533.224792,-5.686,0.064
49534.531898,-5.417,0.207
49536.226181,-5.919,0.158
49537.233634,-5.88,0.234
49537.667593,-5.647,0.398
49538.629803,-5.754,0.072
49539.580729,-5.771,0.042
49539.633866,-5.772,0.077
49540.549433,-5.78,0.063
49540.615012,-5.736,0.063
49541.620671,-5.735,0.029
49542.504769,-5.725,0.051
49545.634167,-5.803,0.059
49546.508935,-5.787,0.075
49548.504954,-6.123,0.355
49549.195046,-5.78,0.112
49550.531713,-5.788,0.046
49550.655266,-5.759,0.044
49552.493912,-5.664,0.051
49553.188183,-6.248,0.397
49554.479225,-5.592,0.115
49555.515822,-5.713,0.163
49555.664051,-5.819,0.087
49556.524792,-5.609,0.114
49556.665451,-5.79,0.061
49557.179954,-5.698,0.067
49558.561597,-5.833,0.253
49558.660822,-6.065,0.051
49559.506910,-5.811,0.096
49560.543229,-5.639,0.3
49561.638333,-5.749,0.094
49562.586192,-5.783,0.037
49566.479444,-5.67,0.078
49566.668565,-5.734,0.054
49567.521123,-5.762,0.035
49568.559630,-5.812,0.052
49569.521609,-5.744,0.035
49571.485903,-5.761,0.051
49573.483380,-5.576,0.137
49573.502546,-5.774,0.047
49574.484468,-5.742,0.024
49577.463970,-5.938,0.186
49577.655289,-5.706,0.054
49578.476944,-5.816,0.056
49578.654479,-5.794,0.036
49579.484896,-5.788,0.033
49579.648576,-5.736,0.019
49580.443796,-5.803,0.034
49580.657477,-5.826,0.04
49581.600220,-5.842,0.041
49585.481412,-5.807,0.126
49586.476493,-5.825,0.163
49586.655058,-5.687,0.156
49587.475509,-5.831,0.099
49588.512257,-5.809,0.05
49589.447292,-5.854,0.049
49589.457350,-5.83,0.038
49590.449178,-5.701,0.041
49590.634641,-5.784,0.023
49591.471586,-5.748,0.042
49592.440532,-5.784,0.037
49595.481528,-5.825,0.048
49596.471262,-5.786,0.029
49597.539167,-5.786,0.033
49597.643310,-5.868,0.036
49598.502257,-5.778,0.042
49599.505706,-5.842,0.125
49601.580880,-5.723,0.063
49602.462454,-5.755,0.038
49604.480000,-5.758,0.026
49605.476238,-5.715,0.025
49606.473009,-5.771,0.031
49606.625787,-5.724,0.03
49607.348310,-5.919,0.178
49607.365301,-5.842,0.211
49607.631782,-5.841,0.065
49608.472639,-5.726,0.134
49608.629896,-5.852,0.051
49609.500116,-5.81,0.048
49609.632512,-5.82,0.066
49610.461910,-5.733,0.068
49610.631979,-5.816,0.054
49611.458715,-5.866,0.157
49611.635255,-5.23,0.383
49612.455938,-5.634,0.144
49613.631736,-5.74,0.111
49614.459398,-4.807,1.213
49616.483241,-5.853,0.072
49616.631204,-5.082,0.807
49617.438021,-5.609,0.168
49617.631053,-5.15,0.409
49618.436238,-5.674,0.19
49619.445660,-5.926,0.232
49620.469676,-5.72,0.031
49621.598600,-5.863,0.062
49622.467894,-5.627,0.25
49623.467211,-5.851,0.048
49625.449178,-5.733,0.041
49627.460729,-5.753,0.053
49628.508611,-5.797,0.038
49629.509468,-5.825,0.069
49630.431921,-5.775,0.034
49633.377755,-5.776,0.033
49634.366898,-5.781,0.034
49634.609618,-5.854,0.039
49635.438472,-5.799,0.046
49636.408519,-5.769,0.074
49637.489606,-5.857,0.07
49638.465058,-5.776,0.04
49639.418727,-5.741,0.027
49640.447002,-5.707,0.028
49642.356933,-5.838,0.055
49645.426667,-5.657,0.092
49647.563067,-5.802,0.043
49648.347951,-5.819,0.051
49649.345324,-5.795,0.037
49651.480370,-5.763,0.028
49653.485139,-5.65,0.072
49654.426736,-5.142,0.148
49660.451215,-5.762,0.043
49664.506019,-5.765,0.057
49665.361447,-5.779,0.033
49665.534213,-5.759,0.027
49666.304086,-5.796,0.036
49666.521655,-5.721,0.022
49667.429155,-5.735,0.042
49670.320613,-5.645,0.068
49670.524734,-5.73,0.059
49672.268194,-5.738,0.155
49673.377141,-5.778,0.054
49673.495093,-5.813,0.049
49674.504097,-5.761,0.073
49676.321863,-5.661,0.106
49681.306273,-5.767,0.032
49681.516690,-5.734,0.053
49682.336181,-5.763,0.033
49687.362188,-5.76,0.043
49688.326597,-5.788,0.041
49689.385301,-5.738,0.036
49690.313380,-5.741,0.02
49691.358252,-5.696,0.019
49693.331204,-5.709,0.028
49695.365613,-5.777,0.046
49696.355752,-5.77,0.03
49698.480833,-5.72,0.027
49700.323056,-5.811,0.092
49702.336053,-5.687,0.051
49703.427083,-5.751,0.061
49704.330880,-5.679,0.079
49706.364792,-5.756,0.045
49715.289676,-5.712,0.068
49717.445613,-5.771,0.027
49723.320567,-5.73,0.044
49728.250231,-5.759,0.029
49729.490718,-5.761,0.029
49730.346065,-5.743,0.04
49730.364641,-5.806,0.031
49733.312384,-5.813,0.066
49737.534097,-5.744,0.079
49741.410208,-5.695,0.042
49745.454896,-5.778,0.04
49747.415926,-5.748,0.037
49748.426840,-5.725,0.047
49749.521771,-5.693,0.038
49751.323241,-5.725,0.034
49752.451991,-5.848,0.041
49752.475220,-5.742,0.033
49754.334005,-5.736,0.045
49755.440856,-5.711,0.029
49756.492998,-5.756,0.092
49759.376956,-5.742,0.034
49760.549352,-5.687,0.067
49762.367303,-5.665,0.056
49764.507234,-5.79,0.073
49767.405764,-5.615,0.117
49784.308148,-5.739,0.044
49786.487535,-5.642,0.093
49788.384213,-5.626,0.12
49790.288113,-5.681,0.06
49791.485926,-5.591,0.209
49795.287315,-5.68,0.054
49797.315440,-5.68,0.033
49799.274514,-5.707,0.024
49800.365278,-5.695,0.045
49801.307037,-5.677,0.048
49802.450104,-5.628,0.084
49804.274873,-5.304,0.124
49806.281725,-5.687,0.052
49808.278310,-5.698,0.031
49810.343252,-5.656,0.038
49815.395023,-5.397,0.408
49819.332002,-5.664,0.167
49824.309456,-5.786,0.098
49826.341875,-5.612,0.066
49828.396678,-5.663,0.042
49831.306539,-5.68,0.05
49835.361377,-5.703,0.038
49842.346609,-5.69,0.078
49852.263171,-5.632,0.061
49856.316678,-5.545,0.063
49858.303206,-5.601,0.053
49862.267813,-5.657,0.104
49864.275972,-5.789,0.14
49866.223993,-5.569,0.03
49868.322037,-5.663,0.481
49872.284549,-5.597,0.049
49875.216875,-5.62,0.105
49880.230046,-5.525,0.263
49885.243588,-5.066,0.439
49887.219745,-5.592,0.068
49889.207257,-5.535,0.074
49891.215289,-5.596,0.037
49895.207396,-5.535,0.055
49902.216030,-5.633,0.154
49905.657639,-5.648,0.048
49907.651308,-5.626,0.051
49912.659861,-5.673,0.231
49917.625845,-5.597,0.056
49921.567593,-5.651,0.041
49927.484410,-5.607,0.079
49929.573252,-5.535,0.092
49931.642292,-5.557,0.078
49933.481840,-5.612,0.047
49935.596481,-5.64,0.083
49936.584340,-5.51,0.078
49937.599306,-5.887,0.348
49938.470266,-5.617,0.161
49939.497604,-5.576,0.068
49940.635405,-5.485,0.081
49941.478553,-5.537,0.081
49942.551262,-5.63,0.051
49943.544178,-5.489,0.06
49944.567338,-5.574,0.085
49945.556366,-5.641,0.097
49946.635775,-5.456,0.092
49948.585486,-5.553,0.186
49949.442708,-5.572,0.065
49951.462870,-5.654,0.092
49952.543576,-5.597,0.035
49953.460660,-5.652,0.05
49954.548368,-5.401,0.115
49955.635197,-5.547,0.099
49957.412789,-5.547,0.037
49961.426192,-5.5,0.06
49963.607963,-5.507,0.081
49965.471725,-5.66,0.18
49966.524433,-5.483,0.071
49967.515556,-5.549,0.057
49970.382280,-5.497,0.098
49972.395799,-5.552,0.044
49974.598472,-5.501,0.034
49980.423438,-5.477,0.091
49982.358333,-5.57,0.047
49987.369005,-5.527,0.054
49994.398252,-5.551,0.055
49994.604433,-5.517,0.052
49996.432188,-5.547,0.063
49997.488958,-5.446,0.14
49998.512569,-5.414,0.079
50003.447211,-5.564,0.071
50005.427593,-5.541,0.033
50006.413681,-5.565,0.037
50007.495683,-5.51,0.077
50013.380833,-5.539,0.049
50019.498877,-5.482,0.056
50021.441053,-5.476,0.055
50022.473785,-5.427,0.116
50029.316979,-5.604,0.165
50031.428819,-5.664,0.176
50036.318681,-5.42,0.026
50038.393090,-5.469,0.023
50038.519942,-5.522,0.031
50045.377940,-5.561,0.04
50046.363287,-5.483,0.101
50047.438472,-5.51,0.067
50048.417894,-5.148,0.251
50048.456458,-5.546,0.035
50054.477269,-5.515,0.039
50057.343785,-5.653,0.095
50058.354792,-5.523,0.069
50061.353345,-5.486,0.072
50063.323796,-5.512,0.057
50066.357002,-5.445,0.041
50071.293333,-5.448,0.025
50072.355810,-5.491,0.056
50074.325081,-5.436,0.099
50077.396597,-5.417,0.039
50078.531088,-5.375,0.106
50086.484826,-5.424,0.103
50088.339514,-5.494,0.037
50089.333461,-5.502,0.038
50091.365718,-5.431,0.05
50095.359410,-5.465,0.035
50099.472975,-5.47,0.052
50101.413113,-5.512,0.025
50105.337558,-5.577,0.149
50105.369352,-5.406,0.092
50107.374294,-5.502,0.032
50108.370532,-5.487,0.029
50123.321875,-5.472,0.051
50125.531053,-4.754,0.778
50126.354896,-5.493,0.041
50127.356979,-5.565,0.034
50128.367222,-5.501,0.038
50131.340671,-5.45,0.045
50132.263912,-5.468,0.054
50134.254225,-5.451,0.093
50135.316806,-5.537,0.139
50138.411412,-5.507,0.043
50141.280532,-5.514,0.04
50143.349468,-5.504,0.052
50145.305266,-5.464,0.084
50151.293796,-5.497,0.046
50154.240845,-5.471,0.027
50155.351019,-5.515,0.033
50157.310451,-5.539,0.039
50159.337639,-5.421,0.081
50161.365197,-5.454,0.052
50168.435567,-5.4,0.067
50172.312546,-4.547,0.859
50173.395475,-5.585,0.133
50174.292326,-4.973,0.269
50176.426852,-4.396,1.924
50178.258414,-5.402,0.073
50181.328079,-5.436,0.061
50185.283738,-5.452,0.074
50186.380104,-5.25,0.108
50188.279317,-5.38,0.082
50192.258044,-5.473,0.038
50193.362338,-5.506,0.049
50196.313542,-5.392,0.217
50197.372106,-5.587,0.063
50198.404780,-5.512,0.117
50200.283380,-5.573,0.169
50201.294201,-5.517,0.058
50206.262755,-5.521,0.096
50210.331794,-5.259,0.448
50212.246030,-5.509,0.054
50214.271331,-5.612,0.1
50216.250104,-5.542,0.066
50218.213032,-5.539,0.032
50219.249757,-5.474,0.044
50223.305266,-5.424,0.071
50224.248715,-5.496,0.062
50225.333032,-5.122,0.345
50227.216377,-5.461,0.052
50228.315475,-5.511,0.047
50230.291204,-6.01,0.601
50232.215023,-5.558,0.04
50234.225937,-5.508,0.075
50236.228692,-5.536,0.086
50238.302766,-5.537,0.143
50241.276944,-5.357,0.117
50243.215718,-5.557,0.045
50245.207859,-5.494,0.048
50247.221424,-5.564,0.053
50254.210984,-5.553,0.067
50255.205093,-5.536,0.042
50258.249838,-5.564,0.14
50263.620220,-5.626,0.077
50267.216204,-5.484,0.037
50271.597766,-5.527,0.07
50276.599873,-5.58,0.037
50278.544630,-5.587,0.07
50288.625799,-5.618,0.045
50293.594178,-5.524,0.167
50296.600532,-5.526,0.159
50297.648553,-5.557,0.063
50300.499144,-5.522,0.188
50301.654120,-5.601,0.047
50302.507500,-5.501,0.073
50303.658403,-5.432,0.08
50304.553299,-5.581,0.051
50306.637350,-5.531,0.057
50307.488275,-5.631,0.063
50308.566574,-5.617,0.085
50310.609572,-5.606,0.05
50311.565081,-5.572,0.069
50315.536470,-5.606,0.032
50319.626829,-5.564,0.041
50322.469572,-5.456,0.211
50327.590000,-5.371,0.094
50329.603194,-5.491,0.058
50333.483241,-5.663,0.07
50335.521794,-5.625,0.043
50340.623021,-5.506,0.073
50341.524086,-5.591,0.045
50348.372315,-5.722,0.126
50349.490683,-5.589,0.041
50350.453125,-5.53,0.087
50352.412338,-5.633,0.15
50353.347940,-5.583,0.096
50359.422257,-5.624,0.034
50360.449306,-5.582,0.029
50364.340347,-5.631,0.11
50366.541319,-5.617,0.076
50368.381007,-5.644,0.067
50369.402257,-5.577,0.025
50370.386111,-5.603,0.033
50371.371574,-5.603,0.027
50374.386493,-5.604,0.036
50376.366944,-5.579,0.055
50377.395116,-5.568,0.03
50379.412581,-5.587,0.032
50380.367419,-5.583,0.12
50384.400255,-5.524,0.065
50385.449433,-5.599,0.074
50389.297905,-5.651,0.04
50394.537141,-5.657,0.042
50395.378785,-5.587,0.033
50396.489410,-5.614,0.027
50397.440162,-5.593,0.052
50399.451678,-5.592,0.075
50401.437986,-5.613,0.038
50405.305185,-5.6,0.036
50406.304525,-5.618,0.037
50407.339641,-5.623,0.05
50409.309352,-5.614,0.063
50410.385995,-5.722,0.045
50411.387801,-5.583,0.043
50412.447083,-5.744,0.152
50416.494271,-5.664,0.056
50417.513403,-5.499,0.086
50419.300185,-5.663,0.061
50419.356019,-5.646,0.041
50420.352361,-5.641,0.025
50422.464282,-5.658,0.028
50424.310706,-5.66,0.069
50425.503715,-5.681,0.035
50426.349294,-5.577,0.023
50428.425880,-5.66,0.035
50431.331910,-5.639,0.032
50432.360475,-5.693,0.024
50433.372731,-5.626,0.056
50435.380185,-5.695,0.028
50437.334062,-5.636,0.041
50438.374560,-5.652,0.062
50439.511296,-5.636,0.059
50445.378808,-5.669,0.025
50448.349340,-5.693,0.174
50449.286389,-5.635,0.027
50450.472025,-5.65,0.029
50451.404826,-5.632,0.025
50452.364074,-5.635,0.023
50453.386319,-5.76,0.043
50455.465625,-5.669,0.039
50456.513310,-5.888,0.326
50461.312836,-5.691,0.022
50462.315775,-5.6,0.071
50463.502720,-5.666,0.051
50467.336944,-5.744,0.041
50468.357755,-5.536,0.124
50470.424896,-5.759,0.047
50478.511586,-5.766,0.035
50479.447095,-5.736,0.03
50484.391238,-5.669,0.031
50494.480382,-5.717,0.042
50497.380012,-5.681,0.04
50502.523310,-5.896,0.165
50509.521771,-5.754,0.079
50519.328229,-5.729,0.064
50522.263148,-5.757,0.031
50527.330984,-5.828,0.083
50530.422685,-5.871,0.299
50534.308391,-5.741,0.048
50539.397025,-5.715,0.036
50542.395301,-6.161,0.129
50546.390926,-5.729,0.035
50553.330475,-5.741,0.043
50557.412836,-5.769,0.1
50565.341065,-5.738,0.035
50569.371007,-5.742,0.051
50577.243137,-5.743,0.076
50581.249282,-5.77,0.033
50595.234595,-5.762,0.046
50600.279780,-5.768,0.042
50607.205440,-5.74,0.022
50614.228935,-5.576,0.128
50619.221991,-5.799,0.06
50632.199491,-5.857,0.046
50639.561759,-5.812,0.043
50642.509815,-5.8,0.041
50648.553819,-5.779,0.061
50652.567488,-5.833,0.049
50657.494699,-5.774,0.043
50659.613576,-5.819,0.028
50661.627766,-5.902,0.067
50669.499329,-5.827,0.032
50670.652176,-5.876,0.085
50675.466667,-5.196,0.545
50679.427060,-5.865,0.077
50680.605833,-5.74,0.035
50682.493646,-5.886,0.089
50686.563067,-5.831,0.058
50689.599491,-5.769,0.028
50701.592801,-5.765,0.029
50704.576887,-5.737,0.025
50715.489398,-5.812,0.042
50718.387141,-5.781,0.037
50719.529595,-5.836,0.037
50721.416701,-5.786,0.023
50722.561817,-5.836,0.031
50725.342211,-5.757,0.055
50730.420833,-5.733,0.024
50730.546840,-5.702,0.017
50732.455868,-5.714,0.058
50733.507650,-5.859,0.049
50734.594907,-5.802,0.042
50736.483958,-5.688,0.109
50737.560694,-5.659,0.118
50745.440278,-5.736,0.027
50746.500185,-5.776,0.027
50748.542419,-5.759,0.037
50767.354282,-5.702,0.044
50769.498669,-5.738,0.043
50771.481701,-5.799,0.03
50775.502315,-5.803,0.078
50777.504815,-5.841,0.042
50785.337766,-5.831,0.079
50796.314306,-5.791,0.038
50797.514896,-5.736,0.035
50803.482419,-5.844,0.046
50808.325278,-5.768,0.056
50812.369699,-5.815,0.027
50818.519306,-5.793,0.033
50830.428657,-5.795,0.055
50834.474826,-5.808,0.029
50839.338461,-5.826,0.026
50841.440556,-5.812,0.026
50844.468530,-5.755,0.022
50849.236493,-5.743,0.067
50859.238924,-5.81,0.032
50861.400613,-5.833,0.034
50865.290428,-5.847,0.028
50867.364630,-5.806,0.039
50869.412083,-5.84,0.041
50874.477234,-5.875,0.058
50878.426620,-6.034,0.146
50881.288993,-5.799,0.04
50883.416007,-5.796,0.07
50907.338322,-5.839,0.048
50910.320023,-5.792,0.038
50919.371863,-5.813,0.037
50933.315660,-5.865,0.036
50942.311898,-5.791,0.086
50954.309803,-5.847,0.061
50968.242106,-5.865,0.043
50978.200914,-5.83,0.099
50982.651412,-5.836,0.074
50996.221817,-5.876,0.039
51004.550301,-5.872,0.084
51016.598877,-5.838,0.03
51028.434525,-5.896,0.179
51033.634873,-5.83,0.051
51048.533947,-5.767,0.023
51051.636586,-5.845,0.029
51056.420197,-5.807,0.068
51061.485012,-5.809,0.092
51072.439965,-5.835,0.043
51073.612118,-5.87,0.041
51082.599132,-5.799,0.027
51085.366435,-5.938,0.072
51086.593391,-5.852,0.1
51089.488877,-5.623,0.182
51097.494676,-5.873,0.03
51099.586574,-5.796,0.076
51102.382546,-5.893,0.045
51106.476505,-5.889,0.051
51109.476794,-5.817,0.026
51111.487025,-5.846,0.041
51114.267396,-5.971,0.102
51119.360926,-5.77,0.04
51127.242373,-5.825,0.045
51132.491597,-5.815,0.026
51138.528831,-5.777,0.072
51142.508808,-5.783,0.048
51147.510590,-5.785,0.029
51157.389201,-5.788,0.039
51167.515394,-5.908,0.082
51171.467951,-5.801,0.028
51176.451667,-5.783,0.029
51180.527824,-5.767,0.041
51183.479097,-5.812,0.037
51188.500822,-5.847,0.214
51195.286701,-5.724,0.027
51206.487940,-5.81,0.03
51221.308484,-5.758,0.021
51225.312211,-5.755,0.028
51228.370938,-5.772,0.033
51240.377350,-5.709,0.049
51246.354757,-5.733,0.034
51249.332951,-5.739,0.027
51251.291030,-5.766,0.041
51260.347778,-5.754,0.036
51275.342558,-5.738,0.046
51279.217326,-5.736,0.023
51285.325000,-5.733,0.042
51286.330058,-5.776,0.039
51289.243391,-5.77,0.078
51292.255382,-5.747,0.036
51299.273993,-5.654,0.05
51302.247650,-5.716,0.032
51308.232870,-5.691,0.033
51313.199456,-5.576,0.085
51317.244051,-5.739,0.033
51326.209167,-5.726,0.037
51336.268125,-5.755,0.073
51348.227708,-5.694,0.069
51362.616562,-5.644,0.055
51381.656065,-5.496,0.089
51389.607199,-5.473,0.125
51393.561921,-5.67,0.064
51401.540926,-5.492,0.079
51405.652720,-5.714,0.043
51408.611007,-5.745,0.048
51411.597269,-5.714,0.059
51414.535845,-5.747,0.04
51421.466817,-5.609,0.041
51424.482778,-5.731,0.04
51431.462697,-5.647,0.083
51433.588773,-5.778,0.035
51435.559676,-5.719,0.034
51440.438461,-5.733,0.042
51443.550475,-5.683,0.052
51450.412650,-5.667,0.081
51462.369699,-5.735,0.055
51463.541539,-5.766,0.05
51468.487303,-5.759,0.048
51471.397477,-5.735,0.036
51472.532894,-5.678,0.06
51478.380880,-5.738,0.051
51479.522662,-5.804,0.041
51484.268079,-5.705,0.048
51488.470694,-5.739,0.029
51491.501076,-5.73,0.056
51494.332141,-5.584,0.021
51501.463808,-5.77,0.051
51507.362477,-5.674,0.092
51510.514977,-5.784,0.032
51513.394664,-5.742,0.031
51515.325185,-5.742,0.073
51526.422535,-5.769,0.024
51531.472037,-5.772,0.087
51541.471088,-4.212,3.108
51546.391493,-6.022,0.11
